#第四次作业

###自动化少61 何奈特 2140506114

---

##题目一

>高斯滤波器和中值滤波器平滑test1和test2，分别取模板大小3x3,5x5,7x7

* 高斯滤波的模板如下：（计算见p1&2\p2.cpp）
3*3
-|-|-
:--:|:--:|:--:
0.0947416|0.118318|0.0947416
0.118318|0.147761|0.118318
0.0947416|0.118318|0.0947416
5*5
-|-|-|-|-
:--:|:--:|:--:|:--:|:--:
0.0144188|0.028084|0.0350727|0.028084|0.0144188
0.028084|0.0547002|0.0683123|0.0547002|0.028084
0.0350727|0.0683123|0.0853117|0.0683123|0.0350727
0.028084|0.0547002|0.0683123|0.0547002|0.028084
0.0144188|0.028084|0.0350727|0.028084|0.0144188
7*7
-|-|-|-|-|-|-
:--:|:--:|:--:|:--:|:--:|:--:|:--:
0.00134197|0.00407653|0.00794|0.00991586|0.00794|0.00407653|0.00134197
0.00407653|0.0123834|0.0241196|0.0301217|0.0241196|0.0123834|0.00407653
0.00794|0.0241196|0.0469785|0.0586691|0.0469785|0.0241196|0.00794
0.00991586|0.0301217|0.0586691|0.0732688|0.0586691|0.0301217|0.00991586
0.00794|0.0241196|0.0469785|0.0586691|0.0469785|0.0241196|0.00794
0.00407653|0.0123834|0.0241196|0.0301217|0.0241196|0.0123834|0.00407653
0.00134197|0.00407653|0.00794|0.00991586|0.00794|0.00407653|0.00134197

* 这里利用了上次作业第四题写的线段树（见segTree.cpp），添加了mid方法，可以用(log(256))^2次操作求出中位数。（详见p1&2\p2.cpp）
